centrality xT U_xT err
0 0.21215043 0.74534294 0.09312374
0 0.25072324 0.80078167 0.09634769
0 0.28929605 0.82991314 0.0995776
0 0.32786885 0.84265537 0.10099675
0 0.36644166 0.85213311 0.10227265
0 0.43394407 0.80406174 0.07760604
0 0.53037608 0.75549448 0.07298514
0 0.6268081 0.69728715 0.06818005
0 0.72324012 0.63444324 0.06061182
0 0.81967213 0.57273346 0.05435214
0 0.91610415 0.50997851 0.04815666
0 1.01253616 0.45309988 0.04004859
0 1.10896818 0.4039322 0.03547357
0 1.20540019 0.36080763 0.03190357
0 1.30183221 0.32092421 0.02843718
0 1.39826422 0.28378604 0.02514717
0 1.49469624 0.25332643 0.02252855
0 1.59112825 0.224245 0.01995639
0 1.68756027 0.1987444 0.01774306
0 1.78399229 0.17741561 0.01586462
0 1.8804243 0.15790865 0.01407772
0 2.02507232 0.13103821 0.0117539
0 2.21793635 0.10280516 0.00921341
0 2.41080039 0.08197394 0.0074923
0 2.60366442 0.06451507 0.00590012
0 2.79652845 0.04986006 0.00457487
0 2.98939248 0.03902182 0.00359108
0 3.18225651 0.03060138 0.00282797
0 3.37512054 0.02405792 0.0022324
0 3.56798457 0.01885439 0.00175838
0 3.7608486 0.01495612 0.00140547
0 3.95371263 0.01180258 0.00111861
0 4.14657666 0.00932796 0.0008931
0 4.33944069 0.00735964 0.00071027
0 4.53230473 0.00604372 0.00059013
0 4.72516876 0.00477594 0.00047657
0 4.91803279 0.0038169 0.00038611
0 5.11089682 0.00311976 0.00032341
0 5.30376085 0.00249324 0.00025978
0 5.49662488 0.00205027 0.00021713
0 5.68948891 0.00169776 0.00018513
1 0.21194605 0.73875865 0.08835498
1 0.2504817 0.78584063 0.09020764
1 0.28901734 0.81566102 0.09347349
1 0.32755299 0.8358548 0.09571255
1 0.36608863 0.83843663 0.09603799
1 0.43352601 0.81169934 0.07507403
1 0.52986513 0.76106667 0.07013326
1 0.62620424 0.70210639 0.0659064
1 0.72254335 0.64013442 0.05862062
1 0.81888247 0.57624226 0.05244916
1 0.91522158 0.51474192 0.04669175
1 1.01156069 0.44965047 0.0381796
1 1.10789981 0.40135573 0.03390987
1 1.20423892 0.3591113 0.03064645
1 1.30057803 0.31887669 0.02719947
1 1.39691715 0.28399775 0.02416511
1 1.49325626 0.25170199 0.02138149
1 1.58959538 0.22356195 0.01895036
1 1.68593449 0.19947521 0.01693973
1 1.7822736 0.17724467 0.01503212
1 1.87861272 0.15687033 0.01331449
1 2.02312139 0.13135793 0.01115384
1 2.21579961 0.10264789 0.00876359
1 2.40847784 0.08162539 0.00721888
1 2.60115607 0.06435019 0.00569532
1 2.7938343 0.04986715 0.00442287
1 2.98651252 0.03935415 0.00350033
1 3.17919075 0.03069613 0.00274297
1 3.37186898 0.02413794 0.00216589
1 3.56454721 0.01898587 0.00171496
1 3.75722543 0.0151615 0.00138123
1 3.94990366 0.01192802 0.00109681
1 4.14258189 0.0094951 0.00088155
1 4.33526012 0.00757368 0.00070919
1 4.52793834 0.00614456 0.0005825
1 4.72061657 0.00489597 0.0004749
1 4.9132948 0.00394745 0.00038836
1 5.10597303 0.00317025 0.00032034
1 5.29865125 0.0026488 0.00026914
1 5.49132948 0.00215293 0.00022261
1 5.68400771 0.00177292 0.00018943
2 0.21194605 0.73811481 0.08541363
2 0.2504817 0.79318145 0.087906
2 0.28901734 0.81958886 0.09061807
2 0.32755299 0.83808088 0.09259661
2 0.36608863 0.84080674 0.09290967
2 0.43352601 0.81759565 0.07411294
2 0.52986513 0.76324011 0.06901416
2 0.62620424 0.70055257 0.06444133
2 0.72254335 0.63836782 0.05734599
2 0.81888247 0.57497098 0.05131254
2 0.91522158 0.51177167 0.0456069
2 1.01156069 0.44780021 0.03740283
2 1.10789981 0.39948268 0.03316263
2 1.20423892 0.35720765 0.02996602
2 1.30057803 0.31701023 0.02656744
2 1.39691715 0.28169978 0.02358835
2 1.49325626 0.25030393 0.02094544
2 1.58959538 0.22177221 0.01853378
2 1.68593449 0.19734634 0.0165066
2 1.7822736 0.17639961 0.0147102
2 1.87861272 0.15680145 0.01308065
2 2.02312139 0.1307011 0.01091244
2 2.21579961 0.10275657 0.00856903
2 2.40847784 0.08120559 0.00708038
2 2.60115607 0.06401294 0.00558726
2 2.7938343 0.05031488 0.00440157
2 2.98651252 0.03948417 0.00346417
2 3.17919075 0.03083774 0.00271784
2 3.37186898 0.02445461 0.00216344
2 3.56454721 0.01916145 0.00170648
2 3.75722543 0.015351 0.0013807
2 3.94990366 0.01205287 0.00109154
2 4.14258189 0.00964102 0.00088308
2 4.33526012 0.00774041 0.00071514
2 4.52793834 0.00632474 0.0005918
2 4.72061657 0.00502152 0.00048075
2 4.9132948 0.00413027 0.00040114
2 5.10597303 0.00343189 0.00034252
2 5.29865125 0.00273968 0.00027483
2 5.49132948 0.0022344 0.00022793
2 5.68400771 0.0018424 0.00019405
3 0.21400778 0.75425704 0.08401098
3 0.25291829 0.79605689 0.08457597
3 0.29182879 0.83057047 0.0881019
3 0.3307393 0.85067486 0.09015221
3 0.36964981 0.84835148 0.08987091
3 0.43774319 0.81484416 0.0716958
3 0.53501946 0.75990744 0.06671576
3 0.63229572 0.69397285 0.06193421
3 0.72957198 0.62845972 0.05480713
3 0.82684825 0.56537009 0.04900895
3 0.92412451 0.50072757 0.0433007
3 1.02140078 0.43851118 0.03552621
3 1.11867704 0.38984786 0.03138645
3 1.21595331 0.34742107 0.02844441
3 1.31322957 0.30818037 0.02517736
3 1.41050584 0.27413436 0.02233948
3 1.5077821 0.24290037 0.01980675
3 1.60505837 0.21545441 0.01754992
3 1.70233463 0.19149483 0.01558281
3 1.79961089 0.17119946 0.01391122
3 1.89688716 0.15189324 0.01234557
3 2.04280156 0.12667978 0.01029889
3 2.23735409 0.099375 0.00807368
3 2.43190661 0.07864472 0.00669327
3 2.62645914 0.06182811 0.00526957
3 2.82101167 0.04875367 0.00416573
3 3.0155642 0.03867461 0.00331478
3 3.21011673 0.03032965 0.00260898
3 3.40466926 0.02397143 0.00207442
3 3.59922179 0.01888896 0.00164479
3 3.79377432 0.01500132 0.00131842
3 3.98832685 0.01208663 0.00107101
3 4.18287938 0.00964961 0.00086531
3 4.37743191 0.00783787 0.0007098
3 4.57198444 0.00625109 0.00057274
3 4.76653696 0.00516437 0.00048531
3 4.96108949 0.00411231 0.0003925
3 5.15564202 0.00341216 0.00033476
3 5.35019455 0.00281926 0.00027805
3 5.54474708 0.00230707 0.00023149
3 5.73929961 0.00190917 0.00019819
4 0.21760633 0.76566605 0.08375625
4 0.25717112 0.80747084 0.08417446
4 0.29673591 0.84021449 0.08737056
4 0.33630069 0.85462201 0.08875624
4 0.37586548 0.85072509 0.0883514
4 0.44510386 0.81282911 0.07160174
4 0.54401583 0.7534248 0.06631973
4 0.64292779 0.68473362 0.06107606
4 0.74183976 0.61750775 0.05400103
4 0.84075173 0.55263627 0.04804398
4 0.9396637 0.48680046 0.04225315
4 1.03857567 0.42489523 0.03459593
4 1.13748764 0.37573223 0.03048949
4 1.2363996 0.33573333 0.0276856
4 1.33531157 0.29688489 0.02446096
4 1.43422354 0.2619116 0.02155677
4 1.53313551 0.23221737 0.01910782
4 1.63204748 0.20590126 0.01691095
4 1.73095945 0.18206429 0.01500999
4 1.82987141 0.1622094 0.01332767
4 1.92878338 0.14422652 0.011839
4 2.07715134 0.1196676 0.00981035
4 2.27497527 0.09377366 0.00769567
4 2.47279921 0.07399796 0.00635838
4 2.67062315 0.05840394 0.0050232
4 2.86844708 0.04592784 0.00395878
4 3.06627102 0.03649919 0.00315523
4 3.26409496 0.02850337 0.00247536
4 3.46191889 0.02273621 0.00198522
4 3.65974283 0.01790751 0.00157371
4 3.85756677 0.01436396 0.00127409
4 4.0553907 0.01153814 0.00103204
4 4.25321464 0.00940525 0.00085099
4 4.45103858 0.00743504 0.00067954
4 4.64886251 0.00606237 0.00056032
4 4.84668645 0.00506093 0.00048002
4 5.04451039 0.00404272 0.00038894
4 5.24233432 0.00334741 0.00033123
4 5.44015826 0.00271246 0.00026997
4 5.6379822 0.00231944 0.00023486
4 5.83580613 0.00191645 0.00020072
5 0.22244692 0.79009262 0.08538207
5 0.26289181 0.82532665 0.08480267
5 0.3033367 0.85569257 0.08767198
5 0.3437816 0.85944114 0.08807617
5 0.38422649 0.85873671 0.08806192
5 0.45500506 0.81512501 0.07221311
5 0.55611729 0.75169495 0.06645486
5 0.65722952 0.6801954 0.06108129
5 0.75834176 0.60676811 0.05351664
5 0.85945399 0.53974358 0.04731268
5 0.96056623 0.47537638 0.04159434
5 1.06167846 0.41116641 0.03397721
5 1.1627907 0.36251678 0.02984827
5 1.26390293 0.32108126 0.02688202
5 1.36501517 0.28418994 0.02374455
5 1.4661274 0.24997481 0.02086428
5 1.56723964 0.22032275 0.01844115
5 1.66835187 0.19452053 0.01623502
5 1.76946411 0.17284927 0.01442055
5 1.87057634 0.15270637 0.01273312
5 1.97168857 0.13426071 0.01119888
5 2.12335693 0.1113306 0.00927287
5 2.3255814 0.0870995 0.007254
5 2.52780586 0.06957809 0.00606086
5 2.73003033 0.05383221 0.00469602
5 2.9322548 0.04258965 0.00372151
5 3.13447927 0.03382832 0.00296795
5 3.33670374 0.02660025 0.00234416
5 3.53892821 0.02100299 0.00185988
5 3.74115268 0.01680422 0.00149839
5 3.94337715 0.01345428 0.00121054
5 4.14560162 0.01090538 0.0009892
5 4.34782609 0.00863548 0.00079308
5 4.55005056 0.00716065 0.00066322
5 4.75227503 0.00575047 0.00053974
5 4.95449949 0.00474239 0.00045594
5 5.15672396 0.00392041 0.00038303
5 5.35894843 0.00322312 0.00032352
5 5.5611729 0.00281721 0.00028463
5 5.76339737 0.00223707 0.0002299
5 5.96562184 0.001907 0.00020278
6 0.2289282 0.79539752 0.08478939
6 0.27055151 0.84134267 0.08530245
6 0.31217482 0.87255391 0.08814454
6 0.35379813 0.86961988 0.0877756
6 0.39542144 0.8563955 0.08653858
6 0.46826223 0.81553174 0.07253221
6 0.5723205 0.74523205 0.06631246
6 0.67637877 0.66645451 0.0600202
6 0.78043704 0.59142954 0.05236001
6 0.88449532 0.52137435 0.04590559
6 0.98855359 0.45395021 0.03993169
6 1.09261186 0.39268115 0.03283506
6 1.19667014 0.34279207 0.02864962
6 1.30072841 0.30390028 0.02576308
6 1.40478668 0.266172 0.02248025
6 1.50884495 0.23414274 0.01980563
6 1.61290323 0.20558754 0.0174179
6 1.7169615 0.18056062 0.01527775
6 1.82101977 0.15812913 0.01336339
6 1.92507804 0.140635 0.01190155
6 2.02913632 0.12358948 0.01044747
6 2.18522373 0.10159704 0.00855369
6 2.39334027 0.07934096 0.00667308
6 2.60145682 0.06242779 0.00549146
6 2.80957336 0.04917875 0.00433595
6 3.01768991 0.03821814 0.00337799
6 3.22580645 0.03036111 0.00269227
6 3.433923 0.02420923 0.00215846
6 3.64203954 0.01895689 0.00169846
6 3.85015609 0.01549719 0.00139865
6 4.05827263 0.01240041 0.00112989
6 4.26638918 0.00979795 0.00090021
6 4.47450572 0.00808084 0.00075219
6 4.68262227 0.00646666 0.00060809
6 4.89073881 0.00535858 0.00051059
6 5.09885536 0.0044198 0.00043189
6 5.3069719 0.00371432 0.00036952
6 5.51508845 0.0030695 0.00031321
6 5.72320499 0.00251529 0.00025912
6 5.93132154 0.00202869 0.00021218
6 6.13943809 0.0018377 0.00019958
7 0.23529412 0.80686507 0.08290344
7 0.27807487 0.86584308 0.08406334
7 0.32085561 0.87317861 0.08453887
7 0.36363636 0.88399535 0.08548093
7 0.40641711 0.87335724 0.08446025
7 0.48128342 0.81586975 0.06997264
7 0.58823529 0.7392297 0.06327232
7 0.69518717 0.65896753 0.05718243
7 0.80213904 0.57517255 0.04908224
7 0.90909091 0.5055981 0.04295874
7 1.01604278 0.43630152 0.03712637
7 1.12299465 0.37479994 0.03012562
7 1.22994652 0.3255431 0.02615708
7 1.3368984 0.28555193 0.02336995
7 1.44385027 0.24939625 0.02039453
7 1.55080214 0.21903297 0.01795655
7 1.65775401 0.18897832 0.01546977
7 1.76470588 0.16793133 0.01375196
7 1.87165775 0.14594656 0.01193497
7 1.97860963 0.12880451 0.01055874
7 2.0855615 0.11266177 0.00922293
7 2.2459893 0.0924444 0.00754544
7 2.45989305 0.07159529 0.00584233
7 2.67379679 0.056381 0.00481169
7 2.88770053 0.04434902 0.00379093
7 3.10160428 0.03442481 0.0029514
7 3.31550802 0.02735463 0.00235479
7 3.52941176 0.02196075 0.00190217
7 3.74331551 0.01706067 0.00148562
7 3.95721925 0.01401796 0.00122989
7 4.17112299 0.01129017 0.00100063
7 4.38502674 0.00898121 0.00080348
7 4.59893048 0.00746666 0.00067718
7 4.81283422 0.00602056 0.00055185
7 5.02673797 0.00505775 0.00047023
7 5.24064171 0.00415166 0.00039673
7 5.45454545 0.00346479 0.00033737
7 5.6684492 0.00289799 0.00029031
7 5.88235294 0.00238841 0.00024166
7 6.09625668 0.00194944 0.0002008
7 6.31016043 0.0017306 0.00018516
8 0.24255788 0.84885276 0.09558124
8 0.28665932 0.86946722 0.09335141
8 0.33076075 0.87688742 0.0939176
8 0.37486218 0.8734865 0.0934106
8 0.41896362 0.88099026 0.0942589
8 0.49614112 0.81897976 0.08060358
8 0.60639471 0.73487578 0.07221576
8 0.71664829 0.64417049 0.06388116
8 0.82690187 0.56165416 0.05521481
8 0.93715546 0.48504141 0.04748421
8 1.04740904 0.41699782 0.04079754
8 1.15766262 0.35595663 0.03347172
8 1.26791621 0.30870507 0.02901106
8 1.37816979 0.26833474 0.02563207
8 1.48842337 0.23435681 0.02242571
8 1.59867696 0.20203966 0.01927022
8 1.70893054 0.1738149 0.01662509
8 1.81918412 0.15221442 0.01472543
8 1.92943771 0.13403576 0.012801
8 2.03969129 0.11603341 0.01122154
8 2.14994487 0.103347 0.00997058
8 2.31532525 0.08365902 0.00803637
8 2.53583241 0.06598841 0.00633402
8 2.75633958 0.05024095 0.00494412
8 2.97684675 0.03987732 0.00393021
8 3.19735391 0.03136916 0.00309985
8 3.41786108 0.02456722 0.00243462
8 3.63836825 0.01967482 0.00195824
8 3.85887541 0.01540402 0.00153995
8 4.07938258 0.01270555 0.00127846
8 4.29988975 0.0103127 0.00104654
8 4.52039691 0.00821896 0.00084067
8 4.74090408 0.00681614 0.00070434
8 4.96141125 0.00551627 0.00057528
8 5.18191841 0.00453217 0.00047883
8 5.40242558 0.00378699 0.00040876
8 5.62293275 0.00316637 0.0003474
8 5.84343991 0.00266166 0.000299
8 6.06394708 0.00216326 0.00024535
8 6.28445424 0.00188042 0.00021662
8 6.50496141 0.00169595 0.00020187
9 0.25200458 0.82529718 0.10718312
9 0.2978236 0.87055025 0.10885331
9 0.34364261 0.87296042 0.10896919
9 0.38946163 0.88727601 0.11063096
9 0.43528064 0.87046714 0.10855927
9 0.51546392 0.83526511 0.09885903
9 0.63001145 0.7361052 0.08726088
9 0.74455899 0.64453941 0.07662749
9 0.85910653 0.55452154 0.06551955
9 0.97365407 0.47348467 0.05584269
9 1.0882016 0.40325722 0.04758613
9 1.20274914 0.33924221 0.03910871
9 1.31729668 0.29043101 0.03363691
9 1.43184422 0.25225003 0.0293609
9 1.54639175 0.21692022 0.02529165
9 1.66093929 0.18546279 0.02158075
9 1.77548683 0.16265082 0.01901205
9 1.89003436 0.13839898 0.01613412
9 2.0045819 0.11720764 0.01392466
9 2.11912944 0.10591618 0.01253356
9 2.23367698 0.09014773 0.01071326
9 2.40549828 0.07461147 0.00874426
9 2.63459336 0.05760832 0.00685473
9 2.86368843 0.04413889 0.00522885
9 3.09278351 0.03415578 0.00405173
9 3.32187858 0.0262739 0.00312245
9 3.55097365 0.02066266 0.00246204
9 3.78006873 0.01654137 0.00197811
9 4.0091638 0.01276249 0.00153181
9 4.23825888 0.01059738 0.00127809
9 4.46735395 0.00843945 0.00102513
9 4.69644903 0.00689121 0.00084261
9 4.9255441 0.00570006 0.00070344
9 5.15463918 0.00462348 0.00057549
9 5.38373425 0.00380458 0.00047871
9 5.61282932 0.00323498 0.00041475
9 5.8419244 0.00283137 0.00036799
9 6.07101947 0.00237529 0.00031488
9 6.30011455 0.00184041 0.00024782
9 6.52920962 0.00156566 0.00021404
9 6.7583047 0.00137235 0.00019354
