centrality xT U_xT err
0 0.11854608 0.589504204 0.0749652103
0 0.16414072 0.688101243 0.087025026
0 0.23709216 0.751918627 0.0558684655
0 0.32828145 0.810376883 0.0625331642
0 0.41035181 0.803705314 0.0662439504
0 0.5015411 0.757551181 0.0617628175
0 0.59273039 0.689140258 0.0607767887
0 0.68391968 0.645173525 0.0531564275
0 0.77510897 0.590379164 0.0481766837
0 0.86629826 0.529306966 0.0401930746
0 0.95748755 0.473599365 0.0359643699
0 1.04867684 0.423070433 0.0323443226
0 1.13986613 0.388274374 0.0274901249
0 1.23105542 0.348294177 0.0248792955
0 1.32224472 0.312404417 0.023504159
0 1.41343401 0.28094961 0.0233350077
0 1.5046233 0.252015781 0.0225378956
0 1.59581259 0.226609135 0.0217210099
0 1.68700188 0.202788352 0.0195280493
0 1.77819117 0.179388645 0.0151411426
0 1.91497511 0.150099363 0.0128692386
0 2.09735369 0.119404678 0.0102476575
0 2.27973227 0.0953815614 0.00812088672
0 2.46211085 0.0759082361 0.0064343727
0 2.64448943 0.0602519232 0.00509719378
0 2.82686801 0.0481402913 0.00414125435
0 3.00924659 0.0381362191 0.00349581716
0 3.19162518 0.030496179 0.00306594334
0 3.37400376 0.0241975617 0.00270585993
0 3.55638234 0.01950723 0.00243617193
0 3.82995021 0.0140977907 0.00186206362
0 4.19470737 0.0092198895 0.00119325923
0 4.55946454 0.0061487804 0.00075139775
0 4.9242217 0.00411247538 0.000485630227
0 5.28897886 0.00275327993 0.000329796466
0 5.65373603 0.00194733253 0.000241209391
0 6.01849319 0.00132829843 0.000168006052
0 6.38325035 0.00094654251 0.000135584968
0 6.74800751 0.000713967243 0.000111641695
0 7.11276468 0.000514449054 9.41783647e-05
0 7.75108971 0.000312267705 6.36185401e-05
0 8.66298262 0.000164530733 3.76651561e-05
1 0.11806161 0.565754247 0.0748846994
1 0.16346992 0.681698877 0.0878845236
1 0.23612322 0.754130234 0.0544054643
1 0.32693984 0.812129779 0.0608846621
1 0.4086748 0.807773006 0.0649142103
1 0.49949143 0.761958811 0.0604431267
1 0.59030805 0.701100134 0.0545508757
1 0.68112467 0.648873313 0.0497298349
1 0.7719413 0.592303334 0.0449685412
1 0.86275792 0.531921179 0.037634602
1 0.95357454 0.478543898 0.0342981147
1 1.04439117 0.423464753 0.0328453221
1 1.13520779 0.388617374 0.0267496729
1 1.22602441 0.349304302 0.0255938706
1 1.31684103 0.313721717 0.0235890618
1 1.40765766 0.281658588 0.025495893
1 1.49847428 0.253782047 0.0241286011
1 1.5892909 0.228335767 0.0204694426
1 1.68010753 0.205394633 0.018994416
1 1.77092415 0.178804701 0.0147870329
1 1.90714908 0.150213376 0.0126241288
1 2.08878233 0.120457975 0.0101342192
1 2.27041558 0.0953997211 0.00796066148
1 2.45204882 0.0763932974 0.0063462691
1 2.63368207 0.0608028563 0.00504150612
1 2.81531532 0.0487679507 0.00411568024
1 2.99694856 0.0387221845 0.00348907528
1 3.17858181 0.0312067505 0.00309118532
1 3.36021505 0.0246103234 0.00272201876
1 3.5418483 0.0193393084 0.00239331195
1 3.81429817 0.0143569296 0.00187871529
1 4.17756466 0.00945147515 0.00121306067
1 4.54083115 0.00630479561 0.000763520693
1 4.90409765 0.00424465449 0.000496673809
1 5.26736414 0.00291726819 0.000346698701
1 5.63063063 0.0020577585 0.000252944052
1 5.99389712 0.00140859928 0.000176973106
1 6.35716362 0.00104828051 0.0001492935
1 6.72043011 0.000768357822 0.000119600291
1 7.0836966 0.000533554969 9.74111981e-05
1 7.71941296 0.000347445866 7.05981381e-05
1 8.62757919 0.000180445298 4.12880466e-05
2 0.11854608 0.56619611 0.0734887744
2 0.16414072 0.686326432 0.0842996751
2 0.23709216 0.764348399 0.0546881274
2 0.32828145 0.822107101 0.0616200555
2 0.41035181 0.813756126 0.065578759
2 0.5015411 0.763367491 0.0610495171
2 0.59273039 0.704079987 0.0537424891
2 0.68391968 0.649104944 0.0496453351
2 0.77510897 0.59215041 0.0450951068
2 0.86629826 0.528073246 0.0369112549
2 0.95748755 0.471710792 0.0334934371
2 1.04867684 0.418821283 0.0321423
2 1.13986613 0.383093249 0.0272106298
2 1.23105542 0.343256005 0.0248901485
2 1.32224472 0.306600085 0.025626507
2 1.41343401 0.276218442 0.0229539734
2 1.5046233 0.24781629 0.021703215
2 1.59581259 0.222091752 0.021258583
2 1.68700188 0.199522027 0.0196838459
2 1.77819117 0.174486775 0.0144143483
2 1.91497511 0.147180412 0.0123569628
2 2.09735369 0.117788515 0.00990012826
2 2.27973227 0.0938137051 0.00781978962
2 2.46211085 0.0742830278 0.00616359564
2 2.64448943 0.0591690885 0.00490053165
2 2.82686801 0.0474247014 0.00399682047
2 3.00924659 0.0381979785 0.00343923521
2 3.19162518 0.0303409924 0.0030036712
2 3.37400376 0.0243592199 0.00269179812
2 3.55638234 0.0196252333 0.00242517837
2 3.82995021 0.0144016763 0.00188348491
2 4.19470737 0.00960494688 0.00123347129
2 4.55946454 0.00647876599 0.000783847908
2 4.9242217 0.00439217103 0.000513079063
2 5.28897886 0.0030176624 0.000357752395
2 5.65373603 0.00210859911 0.000258684642
2 6.01849319 0.00150008256 0.000187957134
2 6.38325035 0.00111584934 0.000158625065
2 6.74800751 0.000796753718 0.000123608638
2 7.11276468 0.000583039452 0.000106120315
2 7.75108971 0.000461071031 9.35430922e-05
2 8.66298262 0.000211999886 4.83190771e-05
3 0.12002142 0.558752224 0.0713180252
3 0.1661835 0.684674831 0.082778313
3 0.24004284 0.776804039 0.0555869987
3 0.33236701 0.828363402 0.0621340855
3 0.41545876 0.811422287 0.0655421866
3 0.50778293 0.758403578 0.0618493628
3 0.6001071 0.702415414 0.0557895763
3 0.69243126 0.643521247 0.0508887678
3 0.78475543 0.583421533 0.0455248458
3 0.8770796 0.521532532 0.0361581477
3 0.96940377 0.464085022 0.0333941723
3 1.06172794 0.409860765 0.0327484423
3 1.15405211 0.37366896 0.0269601989
3 1.24637628 0.334875711 0.0247592459
3 1.33870045 0.299280336 0.023519008
3 1.43102461 0.267986861 0.0217924572
3 1.52334878 0.23972629 0.0214002152
3 1.61567295 0.216808198 0.0242769673
3 1.70799712 0.192341929 0.0189568595
3 1.80032129 0.168218289 0.0139831639
3 1.93880754 0.141975424 0.0119902104
3 2.12345588 0.112803713 0.00953727679
3 2.30810422 0.0902422087 0.00756851709
3 2.49275255 0.071406481 0.00596252575
3 2.67740089 0.0569665601 0.00474743814
3 2.86204923 0.0458399914 0.00388671487
3 3.04669756 0.0365902697 0.00331159425
3 3.2313459 0.0295029194 0.0029355991
3 3.41599424 0.0241452126 0.0026786833
3 3.60064258 0.0192938357 0.00239056752
3 3.87761508 0.0139399359 0.00182711391
3 4.24691176 0.00938956521 0.00120936172
3 4.61620843 0.00643127858 0.00078072921
3 4.98550511 0.00442765866 0.000519536207
3 5.35480178 0.00302820838 0.000360621168
3 5.72409845 0.00217379246 0.000267833277
3 6.09339513 0.00154386218 0.000194294048
3 6.4626918 0.00110904024 0.000158201018
3 6.83198848 0.000854504747 0.000133054832
3 7.20128515 0.000651389031 0.000118962787
3 7.84755433 0.0004167768 8.47125165e-05
3 8.77079602 0.000217328487 4.96255391e-05
4 0.1225652 0.570861837 0.0725616536
4 0.16970565 0.699086472 0.0848579398
4 0.24513039 0.791561842 0.0585777684
4 0.33941131 0.83597144 0.0651546631
4 0.42426414 0.814200581 0.0685811532
4 0.51854506 0.754169146 0.0655619293
4 0.61282598 0.694894797 0.0584113252
4 0.7071069 0.632776756 0.0520853155
4 0.80138782 0.5720067 0.0466959343
4 0.89566873 0.506694123 0.0364236894
4 0.98994965 0.448804688 0.0333781214
4 1.08423057 0.396639568 0.0320721916
4 1.17851149 0.357178732 0.0271816176
4 1.27279241 0.319841432 0.0241971017
4 1.36707333 0.284332219 0.0226388694
4 1.46135425 0.253457854 0.0229651812
4 1.55563517 0.227347596 0.0187956557
4 1.64991609 0.201902097 0.0188442047
4 1.74419701 0.181181926 0.0172562674
4 1.83847793 0.159427686 0.0135555509
4 1.97989931 0.132706219 0.0114527376
4 2.16846115 0.105687457 0.00913174458
4 2.35702299 0.0846903033 0.00726232836
4 2.54558482 0.0663854242 0.00566922252
4 2.73414666 0.0532324277 0.00453973354
4 2.9227085 0.0429471279 0.00372344177
4 3.11127034 0.0338288496 0.00312420187
4 3.29983218 0.0277315318 0.00280334382
4 3.48839402 0.0220736937 0.00248214877
4 3.67695586 0.0181529078 0.00227642213
4 3.95979862 0.0133287883 0.0017642562
4 4.33692229 0.00888856716 0.00115607832
4 4.71404597 0.00615640745 0.000756057472
4 5.09116965 0.00436506646 0.000518615014
4 5.46829333 0.00303647163 0.000366139413
4 5.845417 0.00216785313 0.000270466559
4 6.22254068 0.00153804933 0.000196093188
4 6.59966436 0.00115695774 0.000166856746
4 6.97678804 0.000881710556 0.000138443925
4 7.35391172 0.000670741884 0.000123395378
4 8.01387815 0.000428732658 8.76127373e-05
4 8.95668735 0.000232407151 5.3413064e-05
5 0.12467871 0.572479152 0.0756989017
5 0.17263206 0.71098815 0.0875294315
5 0.24935743 0.813608523 0.0629802461
5 0.34526413 0.847815314 0.0697755029
5 0.43158016 0.815603919 0.0732786394
5 0.52748686 0.750183432 0.0693269656
5 0.62339356 0.689979479 0.0614372719
5 0.71930026 0.625385656 0.0547150999
5 0.81520697 0.560620798 0.0488808916
5 0.91111367 0.492634801 0.0372000549
5 1.00702037 0.436022562 0.0338013573
5 1.10292707 0.382061349 0.0327944262
5 1.19883377 0.345859162 0.0275260371
5 1.29474048 0.308858817 0.0248462725
5 1.39064718 0.271812862 0.0241238522
5 1.48655388 0.240981141 0.020155782
5 1.58246058 0.214955474 0.0186990789
5 1.67836728 0.193188553 0.0195566724
5 1.77427399 0.174329209 0.0180959559
5 1.87018069 0.149338298 0.0131449166
5 2.01404074 0.125176901 0.0111687418
5 2.20585415 0.0999237375 0.00892701424
5 2.39766755 0.0792029739 0.00702685373
5 2.58948095 0.0624131407 0.00551666984
5 2.78129436 0.0498934552 0.00440463152
5 2.97310776 0.0398366586 0.00357199186
5 3.16492116 0.0322313488 0.00306518072
5 3.35673457 0.0255188362 0.0026503404
5 3.54854797 0.0213393364 0.00245095356
5 3.74036138 0.0169010053 0.00215495142
5 4.02808148 0.0126023519 0.00169444343
5 4.41170829 0.00845363827 0.00111660458
5 4.7953351 0.00583083258 0.000729122556
5 5.17896191 0.00410025401 0.000496943517
5 5.56258871 0.00289075889 0.000355615728
5 5.94621552 0.00214043293 0.000272310988
5 6.32984233 0.00155868944 0.000202619606
5 6.71346914 0.00114336199 0.000167658361
5 7.09709595 0.000897985274 0.000143270263
5 7.48072275 0.000672020914 0.000125271424
5 8.15206967 0.000417949974 8.61590278e-05
5 9.11113669 0.000240604867 5.57644026e-05
6 0.12855758 0.608052368 0.0809841296
6 0.17800281 0.732622288 0.0892107394
6 0.25711517 0.82422853 0.0629298539
6 0.35600562 0.853914052 0.0696135295
6 0.44500702 0.817808809 0.0739530121
6 0.54389747 0.746190211 0.0692980026
6 0.64278792 0.678305068 0.0600563125
6 0.74167837 0.608871907 0.0527539076
6 0.84056882 0.541897363 0.0460826077
6 0.93945927 0.471508074 0.0352560528
6 1.03834972 0.416539776 0.0321197404
6 1.13724017 0.363775126 0.0300028974
6 1.23613061 0.324496446 0.0242692639
6 1.33502106 0.287339461 0.0246442147
6 1.43391151 0.253997884 0.0201907446
6 1.53280196 0.222996547 0.0191068852
6 1.63169241 0.196507227 0.018243451
6 1.73058286 0.174834975 0.0147798403
6 1.82947331 0.156317948 0.0150277484
6 1.92836376 0.135005382 0.0117689135
6 2.07669943 0.114826512 0.010142116
6 2.27448033 0.0893570631 0.00790529765
6 2.47226123 0.0717051048 0.0063017724
6 2.67004213 0.0564434684 0.0049437703
6 2.86782303 0.0455709184 0.00398858664
6 3.06560392 0.0360665431 0.00321142531
6 3.26338482 0.0291405284 0.00275759953
6 3.46116572 0.0232812803 0.00240592435
6 3.65894662 0.0184728632 0.00211395529
6 3.85672752 0.0150371738 0.0019146111
6 4.15339886 0.0114844724 0.00153971419
6 4.54896066 0.00803876647 0.0010564638
6 4.94452246 0.00532791375 0.000664872531
6 5.34008425 0.00392153939 0.00047475974
6 5.73564605 0.00281643665 0.00034722718
6 6.13120785 0.00196311449 0.000250151584
6 6.52676964 0.00146009969 0.000190580444
6 6.92233144 0.00109458532 0.000161493414
6 7.31789324 0.000866616906 0.000139423107
6 7.71345503 0.000672021936 0.000126178944
6 8.40568818 0.000439760046 9.08824023e-05
6 9.39459267 0.000245834366 5.72602263e-05
7 0.13207892 0.635999459 0.0839386131
7 0.18287851 0.757532984 0.0925836799
7 0.26415784 0.839908297 0.0658398218
7 0.36575702 0.858956935 0.0726934057
7 0.45719627 0.815554975 0.0767862459
7 0.55879544 0.737640419 0.0714758965
7 0.66039461 0.667658778 0.0616082123
7 0.76199378 0.5965519 0.0536195189
7 0.86359295 0.525822781 0.046659312
7 0.96519212 0.456218897 0.0352626574
7 1.06679129 0.39834158 0.032351479
7 1.16839047 0.341693985 0.0310985021
7 1.26998964 0.309295226 0.0270937001
7 1.37158881 0.2651699 0.0205957844
7 1.47318798 0.233719554 0.0194449515
7 1.57478715 0.206746039 0.0172389849
7 1.67638632 0.185454967 0.0166824826
7 1.77798549 0.166599227 0.0171014548
7 1.87958466 0.1436203 0.0124750329
7 1.98118383 0.124595774 0.0110990309
7 2.13358259 0.103843208 0.00935488689
7 2.33678093 0.0814027869 0.00734906723
7 2.53997927 0.0653609403 0.00586720686
7 2.74317762 0.0512681632 0.00459221742
7 2.94637596 0.0409601977 0.00366879503
7 3.1495743 0.0325804045 0.00296757966
7 3.35277264 0.0264044664 0.00254816687
7 3.55597098 0.0205669028 0.00216341217
7 3.75916933 0.0175078683 0.00203898623
7 3.96236767 0.0141530576 0.00183113972
7 4.26716518 0.0106551811 0.00144518127
7 4.67356186 0.00705619418 0.000944225937
7 5.07995855 0.00523291 0.000663914802
7 5.48635523 0.00363949545 0.000449512113
7 5.89275192 0.00256256423 0.00032267184
7 6.2991486 0.00183035709 0.000238593653
7 6.70554528 0.00147044232 0.000197747144
7 7.11194197 0.0011709688 0.000177832638
7 7.51833865 0.000806472713 0.000133452832
7 7.92473533 0.00069464033 0.000133639763
7 8.63592953 0.000418844987 8.78196953e-05
7 9.65192124 0.000242938451 5.76776254e-05
8 0.1390642 0.623118819 0.0826710218
8 0.19255044 0.756100563 0.0957916258
8 0.27812841 0.846899808 0.0697887567
8 0.38510088 0.869735938 0.0762334169
8 0.48137609 0.814226911 0.0797608106
8 0.58834856 0.727440892 0.0735314783
8 0.69532102 0.651822112 0.0632052467
8 0.80229349 0.574851048 0.0547082612
8 0.90926595 0.505273918 0.0482523296
8 1.01623842 0.431683561 0.0353481589
8 1.12321089 0.369391309 0.0333199984
8 1.23018335 0.314536613 0.0289076067
8 1.33715582 0.275320412 0.0260093919
8 1.44412828 0.242145862 0.0195664823
8 1.55110075 0.211571184 0.0240542183
8 1.65807321 0.18559645 0.0166298638
8 1.76504568 0.163754901 0.014973471
8 1.87201814 0.143003904 0.0154842614
8 1.97899061 0.124263882 0.0126394788
8 2.08596307 0.107550103 0.00990748303
8 2.24642177 0.0888340732 0.00826018724
8 2.4603667 0.0689315242 0.00642551787
8 2.67431163 0.0540258782 0.00501321975
8 2.88825656 0.0433472064 0.00401859986
8 3.10220149 0.0343392582 0.00318564968
8 3.31614642 0.0264458528 0.00249534356
8 3.53009135 0.0221687132 0.00221448197
8 3.74403629 0.0182739207 0.00197838718
8 3.95798122 0.0144945084 0.00173131493
8 4.17192615 0.0116457721 0.00153412284
8 4.49284354 0.00887599158 0.00122411162
8 4.9207334 0.0061797142 0.000840213707
8 5.34862326 0.00435609544 0.000564737427
8 5.77651313 0.0030112284 0.000381630789
8 6.20440299 0.00203760661 0.00026290312
8 6.63229285 0.00168003687 0.000226294207
8 7.06018271 0.00119701018 0.000166213722
8 7.48807257 0.0010069054 0.000157345809
8 7.91596243 0.000755533476 0.000128320342
8 8.34385229 0.000545493425 0.000108273982
8 9.09265955 0.000377352329 8.07566728e-05
8 10.1623842 0.000205488093 5.02388234e-05
